
//----- 2.15.9 -------
k_c[0]= 1.27032; k_c_err[0]= 0.0199508;
k_b[0]= 1.4668; k_b_err[0]= 0.0502009;
sigma_c[0]= 3156.37; sigma_c_err[0]= 49.5719;
sigma_b[0]= 231.445; sigma_b_err[0]= 7.92115;

//----- 2.15.10 -------
k_c[1]= 1.27056; k_c_err[1]= 0.0199549;
k_b[1]= 1.44642; k_b_err[1]= 0.0495357;
sigma_c[1]= 3156.97; sigma_c_err[1]= 49.5821;
sigma_b[1]= 228.175; sigma_b_err[1]= 7.8143;

//----- 2.15.11 -------
k_c[2]= 1.27068; k_c_err[2]= 0.0199617;
k_b[2]= 1.4364; k_b_err[2]= 0.0492343;
sigma_c[2]= 3157.26; sigma_c_err[2]= 49.599;
sigma_b[2]= 226.345; sigma_b_err[2]= 7.75826;

//----- 2.15.12 -------
k_c[3]= 1.27082; k_c_err[3]= 0.0199723;
k_b[3]= 1.42639; k_b_err[3]= 0.0489538;
sigma_c[3]= 3157.63; sigma_c_err[3]= 49.6254;
sigma_b[3]= 224.593; sigma_b_err[3]= 7.70807;

//----- 2.15.13 -------
k_c[4]= 1.271; k_c_err[4]= 0.0199865;
k_b[4]= 1.41653; k_b_err[4]= 0.048692;
sigma_c[4]= 3158.07; sigma_c_err[4]= 49.6607;
sigma_b[4]= 222.595; sigma_b_err[4]= 7.65154;

//----- 2.15.14 -------
k_c[5]= 1.27116; k_c_err[5]= 0.0199969;
k_b[5]= 1.40675; k_b_err[5]= 0.048443;
sigma_c[5]= 3158.47; sigma_c_err[5]= 49.6866;
sigma_b[5]= 220.903; sigma_b_err[5]= 7.60706;
