
//----- 2.15.3 -------
k_c[0]= 1.27032; k_c_err[0]= 0.0199508;
k_b[0]= 1.4668; k_b_err[0]= 0.0502009;
sigma_c[0]= 3156.37; sigma_c_err[0]= 49.5719;
sigma_b[0]= 231.445; sigma_b_err[0]= 7.92115;

//----- 2.15.4 -------
k_c[1]= 1.26442; k_c_err[1]= 0.0198803;
k_b[1]= 1.46018; k_b_err[1]= 0.0503027;
sigma_c[1]= 3181.04; sigma_c_err[1]= 50.0152;
sigma_b[1]= 230.4; sigma_b_err[1]= 7.93722;

//----- 2.15.5 -------
k_c[2]= 1.2615; k_c_err[2]= 0.0198709;
k_b[2]= 1.45687; k_b_err[2]= 0.0503901;
sigma_c[2]= 3186.92; sigma_c_err[2]= 50.1997;
sigma_b[2]= 229.878; sigma_b_err[2]= 7.951;

//----- 2.15.6 -------
k_c[3]= 1.25858; k_c_err[3]= 0.0198734;
k_b[3]= 1.45358; k_b_err[3]= 0.0504944;
sigma_c[3]= 3193.63; sigma_c_err[3]= 50.4288;
sigma_b[3]= 229.359; sigma_b_err[3]= 7.96746;

//----- 2.15.7 -------
k_c[4]= 1.25567; k_c_err[4]= 0.0199111;
k_b[4]= 1.45023; k_b_err[4]= 0.0506426;
sigma_c[4]= 3206.92; sigma_c_err[4]= 50.8522;
sigma_b[4]= 228.83; sigma_b_err[4]= 7.99085;

//----- 2.15.8 -------
k_c[5]= 1.25277; k_c_err[5]= 0.0199451;
k_b[5]= 1.44694; k_b_err[5]= 0.0507926;
sigma_c[5]= 3215.4; sigma_c_err[5]= 51.1919;
sigma_b[5]= 228.311; sigma_b_err[5]= 8.01451;
