
//----- 2.16.0 -------
k_c[0]= 1.30775; k_c_err[0]= 0.0213772;
k_b[0]= 1.56718; k_b_err[0]= 0.0537078;
sigma_c[0]= 3249.3; sigma_c_err[0]= 53.1149;
sigma_b[0]= 240.77; sigma_b_err[0]= 8.25127;

//----- 2.16.1 -------
k_c[1]= 1.29523; k_c_err[1]= 0.0212933;
k_b[1]= 1.57095; k_b_err[1]= 0.0535701;
sigma_c[1]= 3218.19; sigma_c_err[1]= 52.9064;
sigma_b[1]= 241.348; sigma_b_err[1]= 8.23011;

//----- 2.16.2 -------
k_c[2]= 1.31382; k_c_err[2]= 0.0221282;
k_b[2]= 1.63095; k_b_err[2]= 0.0554708;
sigma_c[2]= 3264.39; sigma_c_err[2]= 54.9807;
sigma_b[2]= 250.566; sigma_b_err[2]= 8.52212;

//----- 2.16.3 -------
k_c[3]= 1.3431; k_c_err[3]= 0.0225387;
k_b[3]= 1.65899; k_b_err[3]= 0.0566362;
sigma_c[3]= 3337.14; sigma_c_err[3]= 56.0008;
sigma_b[3]= 254.874; sigma_b_err[3]= 8.70116;

//----- 2.16.4 -------
k_c[4]= 1.35643; k_c_err[4]= 0.0232161;
k_b[4]= 1.71368; k_b_err[4]= 0.0584814;
sigma_c[4]= 3370.26; sigma_c_err[4]= 57.6839;
sigma_b[4]= 263.277; sigma_b_err[4]= 8.98464;

//----- 2.16.5 -------
k_c[5]= 1.37937; k_c_err[5]= 0.0238247;
k_b[5]= 1.76221; k_b_err[5]= 0.0598417;
sigma_c[5]= 3427.26; sigma_c_err[5]= 59.196;
sigma_b[5]= 270.733; sigma_b_err[5]= 9.19363;
