cal_b[0]= 0.0598682; cal_b_err[0]=2.96829
cal_b[1]= -0.153028; cal_b_err[1]=1.26877
cal_b[2]= 0.840825; cal_b_err[2]=1.21749
cal_b[3]= 0.470533; cal_b_err[3]=1.21605
cal_b[4]= -0.425112; cal_b_err[4]=2.02325
cal_b[5]= 0.13848; cal_b_err[5]=3.24598
cal_b[999]= 0.254288; cal_b_err[999]=0.661899
