cal_c[0]= -0.36908; cal_c_err[0]=0.600262
cal_c[1]= -3.7231; cal_c_err[1]=0.556069
cal_c[2]= -7.62437; cal_c_err[2]=0.843398
cal_c[3]= -9.64093; cal_c_err[3]=1.30881
cal_c[4]= -11.2986; cal_c_err[4]=1.98653
cal_c[5]= -13.8181; cal_c_err[5]=3.46494
cal_c[6]= -19.8228; cal_c_err[6]=9.79082
cal_c[999]= -1.44885; cal_c_err[999]=0.291669
