cal_c[0]= -1.81112; cal_c_err[0]=1.62649
cal_c[1]= -0.822568; cal_c_err[1]=0.743124
cal_c[2]= -0.965282; cal_c_err[2]=0.50435
cal_c[3]= -0.947308; cal_c_err[3]=0.50132
cal_c[4]= -0.537309; cal_c_err[4]=0.950579
cal_c[5]= -0.989486; cal_c_err[5]=1.50598
cal_c[999]= -0.907618; cal_c_err[999]=0.301926
