
//----- 2.12.1 -------
k_c[0]= 1.2784; k_c_err[0]= 0.017115;
k_b[0]= 1.49581; k_b_err[0]= 0.0468634;
sigma_c[0]= 4715.04; sigma_c_err[0]= 63.124;
sigma_b[0]= 266.457; sigma_b_err[0]= 8.34805;
