
//----- 2.12.1 -------
k_c[0]= 1.25315; k_c_err[0]= 0.0181445;
k_b[0]= 1.50213; k_b_err[0]= 0.0494713;
sigma_c[0]= 4621.9; sigma_c_err[0]= 66.9209;
sigma_b[0]= 267.583; sigma_b_err[0]= 8.81262;
