
//----- 2.12.1 -------
k_c[0]= 1.24476; k_c_err[0]= 0.0185801;
k_b[0]= 1.50418; k_b_err[0]= 0.0505875;
sigma_c[0]= 4590.97; sigma_c_err[0]= 68.5277;
sigma_b[0]= 267.949; sigma_b_err[0]= 9.01145;
