
//----- 2.12.1 -------
k_c[0]= 1.21967; k_c_err[0]= 0.0201568;
k_b[0]= 1.51009; k_b_err[0]= 0.0546025;
sigma_c[0]= 4498.43; sigma_c_err[0]= 74.343;
sigma_b[0]= 269.001; sigma_b_err[0]= 9.72667;
