
//----- 2.12.1 -------
k_c[0]= 1.20293; k_c_err[0]= 0.0214007;
k_b[0]= 1.51385; k_b_err[0]= 0.0577635;
sigma_c[0]= 4436.69; sigma_c_err[0]= 78.9307;
sigma_b[0]= 269.671; sigma_b_err[0]= 10.2898;
