
//----- 2.12.1 -------
k_c[0]= 1.23639; k_c_err[0]= 0.0190572;
k_b[0]= 1.50619; k_b_err[0]= 0.0518118;
sigma_c[0]= 4560.1; sigma_c_err[0]= 70.2874;
sigma_b[0]= 268.306; sigma_b_err[0]= 9.22955;
