
//----- 2.12.1 -------
k_c[0]= 1.26154; k_c_err[0]= 0.0177497;
k_b[0]= 1.50004; k_b_err[0]= 0.0484715;
sigma_c[0]= 4652.86; sigma_c_err[0]= 65.465;
sigma_b[0]= 267.212; sigma_b_err[0]= 8.63452;
