
//----- 2.12.1 -------
k_c[0]= 1.19453; k_c_err[0]= 0.0220846;
k_b[0]= 1.51568; k_b_err[0]= 0.0594806;
sigma_c[0]= 4405.71; sigma_c_err[0]= 81.4532;
sigma_b[0]= 269.998; sigma_b_err[0]= 10.5956;
