
//----- 2.12.1 -------
k_c[0]= 1.26996; k_c_err[0]= 0.0174152;
k_b[0]= 1.49794; k_b_err[0]= 0.0476104;
sigma_c[0]= 4683.92; sigma_c_err[0]= 64.2312;
sigma_b[0]= 266.837; sigma_b_err[0]= 8.48112;
