
//----- 2.12.1 -------
k_c[0]= 1.22804; k_c_err[0]= 0.0195984;
k_b[0]= 1.50815; k_b_err[0]= 0.0531684;
sigma_c[0]= 4529.28; sigma_c_err[0]= 72.2834;
sigma_b[0]= 268.656; sigma_b_err[0]= 9.4712;
