
//----- 2.12.1 -------
k_c[0]= 1.2113; k_c_err[0]= 0.02077;
k_b[0]= 1.512; k_b_err[0]= 0.0561474;
sigma_c[0]= 4467.56; sigma_c_err[0]= 76.6047;
sigma_b[0]= 269.341; sigma_b_err[0]= 10.0019;
