
//----- 2.15.2 -------
k_c[0]= 1.26264; k_c_err[0]= 0.0204727;
k_b[0]= 1.4667; k_b_err[0]= 0.0514372;
sigma_c[0]= 3137.28; sigma_c_err[0]= 50.8687;
sigma_b[0]= 231.43; sigma_b_err[0]= 8.11622;
