
//----- 2.15.2 -------
k_c[0]= 1.25497; k_c_err[0]= 0.0210348;
k_b[0]= 1.46653; k_b_err[0]= 0.0527679;
sigma_c[0]= 3118.23; sigma_c_err[0]= 52.2654;
sigma_b[0]= 231.402; sigma_b_err[0]= 8.32619;
