
//----- 2.15.2 -------
k_c[0]= 1.27801; k_c_err[0]= 0.0194701;
k_b[0]= 1.46684; k_b_err[0]= 0.0490634;
sigma_c[0]= 3175.48; sigma_c_err[0]= 48.3775;
sigma_b[0]= 231.451; sigma_b_err[0]= 7.74167;
