
//----- 2.15.2 -------
k_c[0]= 1.30903; k_c_err[0]= 0.0179998;
k_b[0]= 1.46629; k_b_err[0]= 0.0456169;
sigma_c[0]= 3252.55; sigma_c_err[0]= 44.7244;
sigma_b[0]= 231.365; sigma_b_err[0]= 7.19785;
