
//----- 2.15.2 -------
k_c[0]= 1.24731; k_c_err[0]= 0.0216352;
k_b[0]= 1.46627; k_b_err[0]= 0.0541877;
sigma_c[0]= 3099.19; sigma_c_err[0]= 53.7572;
sigma_b[0]= 231.361; sigma_b_err[0]= 8.55023;
