
//----- 2.15.2 -------
k_c[0]= 1.28572; k_c_err[0]= 0.0190325;
k_b[0]= 1.46678; k_b_err[0]= 0.0480305;
sigma_c[0]= 3194.65; sigma_c_err[0]= 47.2902;
sigma_b[0]= 231.442; sigma_b_err[0]= 7.57868;
