
//----- 2.15.2 -------
k_c[0]= 1.30123; k_c_err[0]= 0.018292;
k_b[0]= 1.46651; k_b_err[0]= 0.0462999;
sigma_c[0]= 3233.17; sigma_c_err[0]= 45.4503;
sigma_b[0]= 231.399; sigma_b_err[0]= 7.30562;
