
//----- 2.15.2 -------
k_c[0]= 1.23195; k_c_err[0]= 0.0229412;
k_b[0]= 1.46562; k_b_err[0]= 0.0572696;
sigma_c[0]= 3061.05; sigma_c_err[0]= 57.0023;
sigma_b[0]= 231.258; sigma_b_err[0]= 9.03651;
