
//----- 2.15.2 -------
k_c[0]= 1.29346; k_c_err[0]= 0.018642;
k_b[0]= 1.46669; k_b_err[0]= 0.0471105;
sigma_c[0]= 3213.86; sigma_c_err[0]= 46.3199;
sigma_b[0]= 231.427; sigma_b_err[0]= 7.43353;
