
//----- 2.15.2 -------
k_c[0]= 1.23962; k_c_err[0]= 0.0222697;
k_b[0]= 1.46601; k_b_err[0]= 0.0556874;
sigma_c[0]= 3080.11; sigma_c_err[0]= 55.3337;
sigma_b[0]= 231.321; sigma_b_err[0]= 8.78686;
