
//----- 2.15.2 -------
k_c[0]= 1.27032; k_c_err[0]= 0.0199508;
k_b[0]= 1.4668; k_b_err[0]= 0.0502009;
sigma_c[0]= 3156.37; sigma_c_err[0]= 49.5719;
sigma_b[0]= 231.445; sigma_b_err[0]= 7.92115;
