
----- 2.15.1 -------
k_c= 1.27375 +- 0.0210591
k_b= 1.49444 +- 0.0529704
