----- 2.12.1 -------
k_c= 1.24236 +- 0.0201146
k_b= 1.53529 +- 0.0546242

----- 2.13.0 -------
k_c= 1.24236 +- 0.0201146
k_b= 1.53529 +- 0.0546242

----- 2.13.1 -------
k_c= 1.23522 +- 0.0201002
k_b= 1.51844 +- 0.0549399

