
//----- 2.12.1 -------
k_c[0]= 1.15218; k_c_err[0]= 0.0259208;
k_b[0]= 1.52446; k_b_err[0]= 0.0691136;
sigma_c[0]= 4249.51; sigma_c_err[0]= 95.602;
sigma_b[0]= 271.561; sigma_b_err[0]= 12.3116;

//----- 2.18.4 -------
k_c[1]= 1.23639; k_c_err[1]= 0.0190572;
k_b[1]= 1.50619; k_b_err[1]= 0.0518118;
sigma_c[1]= 4560.1; sigma_c_err[1]= 70.2874;
sigma_b[1]= 268.306; sigma_b_err[1]= 9.22955;
