----- 2.12.1 -------
k_c= 1.24236 +- 0.0201146
k_b= 1.53529 +- 0.0546242

----- 2.14.0 -------
k_c= 1.24236 +- 0.0201146
k_b= 1.53529 +- 0.0546242

----- 2.14.1 -------
k_c= 1.15245 +- 0.0194298
k_b= 1.38187 +- 0.0567022

