
----- 2.14.2 -------
k_c= 1.18706 +- 0.0205135
k_b= 1.35578 +- 0.0553115

----- 2.15.2 -------
k_c= 1.27375 +- 0.0210591
k_b= 1.49444 +- 0.0529704
