bins:
2-11: eta
13-19: et
30-35: x
37-44: q2
45-48: x (q2 bin 1)
49-53: x (q2 bin 2)
54-57: x (q2 bin 3)
58-60: x (q2 bin 4)
61-62: x (q2 bin 5)
other bins: inclusive

bin 1
 PARAMETER  CORRELATION COEFFICIENTS  
       NO.  GLOBAL      1      2      3
        1  0.81456   1.000 -0.675  0.576
        2  0.99100  -0.675  1.000 -0.982
        3  0.98897   0.576 -0.982  1.000
INFO: HESSE finished successfully! 
bin 2
 PARAMETER  CORRELATION COEFFICIENTS  
       NO.  GLOBAL      1      2      3
        1  0.81941   1.000 -0.691  0.583
        2  0.98894  -0.691  1.000 -0.978
        3  0.98600   0.583 -0.978  1.000
INFO: HESSE finished successfully! 
bin 3
 PARAMETER  CORRELATION COEFFICIENTS  
       NO.  GLOBAL      1      2      3
        1  0.75253   1.000 -0.621  0.513
        2  0.98582  -0.621  1.000 -0.976
        3  0.98297   0.513 -0.976  1.000
INFO: HESSE finished successfully! 
bin 4
 PARAMETER  CORRELATION COEFFICIENTS  
       NO.  GLOBAL      1      2      3
        1  0.73779   1.000 -0.610  0.496
        2  0.98326  -0.610  1.000 -0.972
        3  0.97986   0.496 -0.972  1.000
INFO: HESSE finished successfully! 
bin 5
 PARAMETER  CORRELATION COEFFICIENTS  
       NO.  GLOBAL      1      2      3
        1  0.74848   1.000 -0.630  0.522
        2  0.98459  -0.630  1.000 -0.974
        3  0.98141   0.522 -0.974  1.000
INFO: HESSE finished successfully! 
bin 6
 PARAMETER  CORRELATION COEFFICIENTS  
       NO.  GLOBAL      1      2      3
        1  0.73856   1.000 -0.613  0.509
        2  0.98540  -0.613  1.000 -0.976
        3  0.98264   0.509 -0.976  1.000
INFO: HESSE finished successfully! 
bin 7
 PARAMETER  CORRELATION COEFFICIENTS  
       NO.  GLOBAL      1      2      3
        1  0.75524   1.000 -0.633  0.531
        2  0.98646  -0.633  1.000 -0.977
        3  0.98376   0.531 -0.977  1.000
INFO: HESSE finished successfully! 
bin 8
 PARAMETER  CORRELATION COEFFICIENTS  
       NO.  GLOBAL      1      2      3
        1  0.78114   1.000 -0.652  0.557
        2  0.98965  -0.652  1.000 -0.982
        3  0.98759   0.557 -0.982  1.000
INFO: HESSE finished successfully! 
bin 9
 PARAMETER  CORRELATION COEFFICIENTS  
       NO.  GLOBAL      1      2      3
        1  0.81700   1.000 -0.667  0.576
        2  0.99265  -0.667  1.000 -0.985
        3  0.99115   0.576 -0.985  1.000
INFO: HESSE finished successfully! 
bin 10
 PARAMETER  CORRELATION COEFFICIENTS  
       NO.  GLOBAL      1      2      3
        1  0.89316   1.000 -0.747  0.672
        2  0.99647  -0.747  1.000 -0.990
        3  0.99562   0.672 -0.990  1.000
INFO: HESSE finished successfully! 
bin 11
 PARAMETER  CORRELATION COEFFICIENTS  
       NO.  GLOBAL      1      2      3
        1  0.97231   1.000 -0.848  0.795
        2  0.99923  -0.848  1.000 -0.995
        3  0.99900   0.795 -0.995  1.000
INFO: HESSE finished successfully! 
bin 12
 PARAMETER  CORRELATION COEFFICIENTS  
       NO.  GLOBAL      1      2      3
        1  0.81456   1.000 -0.675  0.576
        2  0.99100  -0.675  1.000 -0.982
        3  0.98897   0.576 -0.982  1.000
INFO: HESSE finished successfully! 
bin 13
 PARAMETER  CORRELATION COEFFICIENTS  
       NO.  GLOBAL      1      2      3
        1  0.95114   1.000 -0.859  0.770
        2  0.99605  -0.859  1.000 -0.983
        3  0.99385   0.770 -0.983  1.000
INFO: HESSE finished successfully! 
bin 14
 PARAMETER  CORRELATION COEFFICIENTS  
       NO.  GLOBAL      1      2      3
        1  0.85071   1.000 -0.740  0.647
        2  0.99149  -0.740  1.000 -0.982
        3  0.98906   0.647 -0.982  1.000
INFO: HESSE finished successfully! 
bin 15
 PARAMETER  CORRELATION COEFFICIENTS  
       NO.  GLOBAL      1      2      3
        1  0.78248   1.000 -0.674  0.589
        2  0.98961  -0.674  1.000 -0.982
        3  0.98753   0.589 -0.982  1.000
INFO: HESSE finished successfully! 
bin 16
 PARAMETER  CORRELATION COEFFICIENTS  
       NO.  GLOBAL      1      2      3
        1  0.75036   1.000 -0.648  0.573
        2  0.99032  -0.648  1.000 -0.985
        3  0.98879   0.573 -0.985  1.000
INFO: HESSE finished successfully! 
bin 17
 PARAMETER  CORRELATION COEFFICIENTS  
       NO.  GLOBAL      1      2      3
        1  0.71206   1.000 -0.611  0.539
        2  0.98983  -0.611  1.000 -0.985
        3  0.98849   0.539 -0.985  1.000
INFO: HESSE finished successfully! 
bin 18
 PARAMETER  CORRELATION COEFFICIENTS  
       NO.  GLOBAL      1      2      3
        1  0.76265   1.000 -0.678  0.628
        2  0.99441  -0.678  1.000 -0.992
        3  0.99374   0.628 -0.992  1.000
INFO: HESSE finished successfully! 
bin 19
 PARAMETER  CORRELATION COEFFICIENTS  
       NO.  GLOBAL      1      2      3
        1  0.77792   1.000 -0.703  0.667
        2  0.99653  -0.703  1.000 -0.995
        3  0.99619   0.667 -0.995  1.000
INFO: HESSE finished successfully! 
bin 20
 PARAMETER  CORRELATION COEFFICIENTS  
       NO.  GLOBAL      1      2      3
        1  0.81456   1.000 -0.675  0.576
        2  0.99100  -0.675  1.000 -0.982
        3  0.98897   0.576 -0.982  1.000
INFO: HESSE finished successfully! 
bin 21
 PARAMETER  CORRELATION COEFFICIENTS  
       NO.  GLOBAL      1      2      3
        1  0.82834   1.000 -0.691  0.597
        2  0.99200  -0.691  1.000 -0.984
        3  0.99014   0.597 -0.984  1.000
INFO: HESSE finished successfully! 
bin 22
 PARAMETER  CORRELATION COEFFICIENTS  
       NO.  GLOBAL      1      2      3
        1  0.81020   1.000 -0.697  0.589
        2  0.98718  -0.697  1.000 -0.975
        3  0.98368   0.589 -0.975  1.000
INFO: HESSE finished successfully! 
bin 23
 PARAMETER  CORRELATION COEFFICIENTS  
       NO.  GLOBAL      1      2      3
        1  0.79865   1.000 -0.671  0.562
        2  0.98777  -0.671  1.000 -0.977
        3  0.98477   0.562 -0.977  1.000
INFO: HESSE finished successfully! 
bin 24
 PARAMETER  CORRELATION COEFFICIENTS  
       NO.  GLOBAL      1      2      3
        1  0.83514   1.000 -0.654  0.573
        2  0.99545  -0.654  1.000 -0.990
        3  0.99467   0.573 -0.990  1.000
INFO: HESSE finished successfully! 
bin 25
 PARAMETER  CORRELATION COEFFICIENTS  
       NO.  GLOBAL      1      2      3
        1  0.86226   1.000 -0.675  0.608
        2  0.99723  -0.675  1.000 -0.993
        3  0.99679   0.608 -0.993  1.000
INFO: HESSE finished successfully! 
bin 26
 PARAMETER  CORRELATION COEFFICIENTS  
       NO.  GLOBAL      1      2      3
        1  0.82000   1.000 -0.695  0.603
        2  0.99132  -0.695  1.000 -0.983
        3  0.98931   0.603 -0.983  1.000
INFO: HESSE finished successfully! 
bin 27
 PARAMETER  CORRELATION COEFFICIENTS  
       NO.  GLOBAL      1      2      3
        1  0.75785   1.000 -0.622  0.508
        2  0.98522  -0.622  1.000 -0.974
        3  0.98208   0.508 -0.974  1.000
INFO: HESSE finished successfully! 
bin 28
 PARAMETER  CORRELATION COEFFICIENTS  
       NO.  GLOBAL      1      2      3
        1  0.81360   1.000 -0.678  0.583
        2  0.99122  -0.678  1.000 -0.983
        3  0.98926   0.583 -0.983  1.000
INFO: HESSE finished successfully! 
bin 29
 PARAMETER  CORRELATION COEFFICIENTS  
       NO.  GLOBAL      1      2      3
        1  0.81456   1.000 -0.675  0.576
        2  0.99100  -0.675  1.000 -0.982
        3  0.98897   0.576 -0.982  1.000
INFO: HESSE finished successfully! 
bin 30
 PARAMETER  CORRELATION COEFFICIENTS  
       NO.  GLOBAL      1      2      3
        1  0.82070   1.000 -0.652  0.553
        2  0.99257  -0.652  1.000 -0.984
        3  0.99102   0.553 -0.984  1.000
INFO: HESSE finished successfully! 
bin 31
 PARAMETER  CORRELATION COEFFICIENTS  
       NO.  GLOBAL      1      2      3
        1  0.83262   1.000 -0.682  0.586
        2  0.99258  -0.682  1.000 -0.984
        3  0.99088   0.586 -0.984  1.000
INFO: HESSE finished successfully! 
bin 32
 PARAMETER  CORRELATION COEFFICIENTS  
       NO.  GLOBAL      1      2      3
        1  0.80879   1.000 -0.656  0.555
        2  0.99111  -0.656  1.000 -0.982
        3  0.98920   0.555 -0.982  1.000
INFO: HESSE finished successfully! 
bin 33
 PARAMETER  CORRELATION COEFFICIENTS  
       NO.  GLOBAL      1      2      3
        1  0.78612   1.000 -0.647  0.546
        2  0.98932  -0.647  1.000 -0.980
        3  0.98710   0.546 -0.980  1.000
INFO: HESSE finished successfully! 
bin 34
 PARAMETER  CORRELATION COEFFICIENTS  
       NO.  GLOBAL      1      2      3
        1  0.78182   1.000 -0.658  0.562
        2  0.98896  -0.658  1.000 -0.980
        3  0.98667   0.562 -0.980  1.000
INFO: HESSE finished successfully! 
bin 35
 PARAMETER  CORRELATION COEFFICIENTS  
       NO.  GLOBAL      1      2      3
        1  0.79864   1.000 -0.677  0.595
        2  0.99175  -0.677  1.000 -0.985
        3  0.99015   0.595 -0.985  1.000
INFO: HESSE finished successfully! 
bin 36
 PARAMETER  CORRELATION COEFFICIENTS  
       NO.  GLOBAL      1      2      3
        1  0.81456   1.000 -0.675  0.576
        2  0.99100  -0.675  1.000 -0.982
        3  0.98897   0.576 -0.982  1.000
INFO: HESSE finished successfully! 
bin 37
 PARAMETER  CORRELATION COEFFICIENTS  
       NO.  GLOBAL      1      2      3
        1  0.83993   1.000 -0.685  0.582
        2  0.99221  -0.685  1.000 -0.982
        3  0.99029   0.582 -0.982  1.000
INFO: HESSE finished successfully! 
bin 38
 PARAMETER  CORRELATION COEFFICIENTS  
       NO.  GLOBAL      1      2      3
        1  0.83306   1.000 -0.685  0.586
        2  0.99200  -0.685  1.000 -0.983
        3  0.99009   0.586 -0.983  1.000
INFO: HESSE finished successfully! 
bin 39
 PARAMETER  CORRELATION COEFFICIENTS  
       NO.  GLOBAL      1      2      3
        1  0.81890   1.000 -0.675  0.574
        2  0.99092  -0.675  1.000 -0.981
        3  0.98879   0.574 -0.981  1.000
INFO: HESSE finished successfully! 
bin 40
 PARAMETER  CORRELATION COEFFICIENTS  
       NO.  GLOBAL      1      2      3
        1  0.82419   1.000 -0.693  0.596
        2  0.99103  -0.693  1.000 -0.982
        3  0.98886   0.596 -0.982  1.000
INFO: HESSE finished successfully! 
bin 41
 PARAMETER  CORRELATION COEFFICIENTS  
       NO.  GLOBAL      1      2      3
        1  0.80512   1.000 -0.674  0.575
        2  0.98994  -0.674  1.000 -0.981
        3  0.98765   0.575 -0.981  1.000
INFO: HESSE finished successfully! 
bin 42
 PARAMETER  CORRELATION COEFFICIENTS  
       NO.  GLOBAL      1      2      3
        1  0.81323   1.000 -0.696  0.606
        2  0.99067  -0.696  1.000 -0.982
        3  0.98853   0.606 -0.982  1.000
INFO: HESSE finished successfully! 
bin 43
 PARAMETER  CORRELATION COEFFICIENTS  
       NO.  GLOBAL      1      2      3
        1  0.77675   1.000 -0.657  0.567
        2  0.98938  -0.657  1.000 -0.982
        3  0.98729   0.567 -0.982  1.000
INFO: HESSE finished successfully! 
bin 44
 PARAMETER  CORRELATION COEFFICIENTS  
       NO.  GLOBAL      1      2      3
        1  0.76829   1.000 -0.671  0.602
        2  0.99156  -0.671  1.000 -0.987
        3  0.99020   0.602 -0.987  1.000
INFO: HESSE finished successfully! 
bin 45
 PARAMETER  CORRELATION COEFFICIENTS  
       NO.  GLOBAL      1      2      3
        1  0.82070   1.000 -0.652  0.553
        2  0.99257  -0.652  1.000 -0.984
        3  0.99102   0.553 -0.984  1.000
INFO: HESSE finished successfully! 
bin 46
 PARAMETER  CORRELATION COEFFICIENTS  
       NO.  GLOBAL      1      2      3
        1  0.84903   1.000 -0.708  0.620
        2  0.99366  -0.708  1.000 -0.986
        3  0.99217   0.620 -0.986  1.000
INFO: HESSE finished successfully! 
bin 47
 PARAMETER  CORRELATION COEFFICIENTS  
       NO.  GLOBAL      1      2      3
        1  0.82658   1.000 -0.673  0.572
        2  0.99187  -0.673  1.000 -0.983
        3  0.99000   0.572 -0.983  1.000
INFO: HESSE finished successfully! 
bin 48
 PARAMETER  CORRELATION COEFFICIENTS  
       NO.  GLOBAL      1      2      3
        1  0.83670   1.000 -0.685  0.578
        2  0.99135  -0.685  1.000 -0.981
        3  0.98914   0.578 -0.981  1.000
INFO: HESSE finished successfully! 
bin 49
 PARAMETER  CORRELATION COEFFICIENTS  
       NO.  GLOBAL      1      2      3
        1  0.79841   1.000 -0.636  0.557
        2  0.99408  -0.636  1.000 -0.989
        3  0.99313   0.557 -0.989  1.000
INFO: HESSE finished successfully! 
bin 50
 PARAMETER  CORRELATION COEFFICIENTS  
       NO.  GLOBAL      1      2      3
        1  0.79862   1.000 -0.641  0.549
        2  0.99222  -0.641  1.000 -0.985
        3  0.99076   0.549 -0.985  1.000
INFO: HESSE finished successfully! 
bin 51
 PARAMETER  CORRELATION COEFFICIENTS  
       NO.  GLOBAL      1      2      3
        1  0.80398   1.000 -0.665  0.561
        2  0.98965  -0.665  1.000 -0.980
        3  0.98727   0.561 -0.980  1.000
INFO: HESSE finished successfully! 
bin 52
 PARAMETER  CORRELATION COEFFICIENTS  
       NO.  GLOBAL      1      2      3
        1  0.81468   1.000 -0.687  0.581
        2  0.98899  -0.687  1.000 -0.978
        3  0.98617   0.581 -0.978  1.000
INFO: HESSE finished successfully! 
bin 53
 PARAMETER  CORRELATION COEFFICIENTS  
       NO.  GLOBAL      1      2      3
        1  0.88139   1.000 -0.751  0.642
        2  0.99222  -0.751  1.000 -0.979
        3  0.98950   0.642 -0.979  1.000
INFO: HESSE finished successfully! 
bin 54
 PARAMETER  CORRELATION COEFFICIENTS  
       NO.  GLOBAL      1      2      3
        1  0.81842   1.000 -0.674  0.590
        2  0.99336  -0.674  1.000 -0.987
        3  0.99206   0.590 -0.987  1.000
INFO: HESSE finished successfully! 
bin 55
 PARAMETER  CORRELATION COEFFICIENTS  
       NO.  GLOBAL      1      2      3
        1  0.75636   1.000 -0.608  0.510
        2  0.98936  -0.608  1.000 -0.982
        3  0.98752   0.510 -0.982  1.000
INFO: HESSE finished successfully! 
bin 56
 PARAMETER  CORRELATION COEFFICIENTS  
       NO.  GLOBAL      1      2      3
        1  0.78971   1.000 -0.669  0.564
        2  0.98720  -0.669  1.000 -0.977
        3  0.98416   0.564 -0.977  1.000
INFO: HESSE finished successfully! 
bin 57
 PARAMETER  CORRELATION COEFFICIENTS  
       NO.  GLOBAL      1      2      3
        1  0.88794   1.000 -0.777  0.685
        2  0.99339  -0.777  1.000 -0.983
        3  0.99116   0.685 -0.983  1.000
INFO: HESSE finished successfully! 
bin 58
 PARAMETER  CORRELATION COEFFICIENTS  
       NO.  GLOBAL      1      2      3
        1  0.76517   1.000 -0.618  0.529
        2  0.99105  -0.618  1.000 -0.984
        3  0.98956   0.529 -0.984  1.000
INFO: HESSE finished successfully! 
bin 59
 PARAMETER  CORRELATION COEFFICIENTS  
       NO.  GLOBAL      1      2      3
        1  0.78184   1.000 -0.667  0.570
        2  0.98783  -0.667  1.000 -0.979
        3  0.98515   0.570 -0.979  1.000
INFO: HESSE finished successfully! 
bin 60
 PARAMETER  CORRELATION COEFFICIENTS  
       NO.  GLOBAL      1      2      3
        1  0.86888   1.000 -0.771  0.702
        2  0.99453  -0.771  1.000 -0.989
        3  0.99316   0.702 -0.989  1.000
INFO: HESSE finished successfully! 
bin 61
 PARAMETER  CORRELATION COEFFICIENTS  
       NO.  GLOBAL      1      2      3
        1  0.76955   1.000 -0.679  0.607
        2  0.99058  -0.679  1.000 -0.985
        3  0.98896   0.607 -0.985  1.000
INFO: HESSE finished successfully! 
bin 62
 PARAMETER  CORRELATION COEFFICIENTS  
       NO.  GLOBAL      1      2      3
        1  0.77160   1.000 -0.678  0.622
        2  0.99399  -0.678  1.000 -0.991
        3  0.99318   0.622 -0.991  1.000
INFO: HESSE finished successfully! 
