cal_b[0]= 10.5629; cal_b_err[0]=2.57837
cal_b[1]= 5.88092; cal_b_err[1]=1.29365
cal_b[2]= 2.44423; cal_b_err[2]=1.1154
cal_b[3]= -1.84038; cal_b_err[3]=1.34402
cal_b[4]= -5.57807; cal_b_err[4]=2.00686
cal_b[5]= -9.83243; cal_b_err[5]=2.50934
cal_b[6]= -16.1032; cal_b_err[6]=5.11725
cal_b[999]= 0.716015; cal_b_err[999]=0.637465
